PMT x y 
0 -12.345668451390225 46.074661913988564 
1 -4.157328929063286 47.518487098976266 
2 4.157328929063294 47.518487098976259 
3 12.345668451390232 46.074661913988557 
4 20.158891085031385 43.230881441648194 
5 27.359596013944909 39.073552512584904 
6 33.728993462598353 33.728993462598289 
7 39.073552512584904 27.359596013944902 
8 43.230881441648222 20.158891085031343 
9 46.074661913988564 12.345668451390226 
10 47.518487098976266 4.157328929063288 
11 47.518487098976259 -4.157328929063292 
12 46.074661913988550 -12.345668451390271 
13 43.230881441648194 -20.158891085031378 
14 39.073552512584889 -27.359596013944923 
15 33.728993462598318 -33.728993462598318 
16 27.359596013944891 -39.073552512584911 
17 20.158891085031346 -43.230881441648222 
18 12.345668451390230 -46.074661913988564 
19 4.157328929063292 -47.518487098976266 
20 -4.157328929063310 -47.518487098976259 
21 -12.345668451390264 -46.074661913988557 
22 -20.158891085031378 -43.230881441648194 
23 -27.359596013944902 -39.073552512584911 
24 -33.728993462598325 -33.728993462598304 
25 -39.073552512584918 -27.359596013944888 
26 -43.230881441648208 -20.158891085031357 
27 -46.074661913988564 -12.345668451390232 
28 -47.518487098976266 -4.157328929063286 
29 -47.518487098976259 4.157328929063306 
30 -46.074661913988557 12.345668451390251 
31 -43.230881441648201 20.158891085031371 
32 -39.073552512584904 27.359596013944902 
33 -33.728993462598311 33.728993462598318 
34 -27.359596013944895 39.073552512584911 
35 -20.158891085031357 43.230881441648208 
36 -10.288057042825152 38.395551594990479 
37 -2.080354260657026 39.695524006494317 
38 6.218269985349179 39.260611538656725 
39 14.245125994425699 37.109821953263769 
40 21.649401641847319 33.337155075830609 
41 28.107494552165267 28.107494552165264 
42 33.337155075830609 21.649401641847316 
43 37.109821953263783 14.245125994425663 
44 39.260611538656732 6.218269985349142 
45 39.695524006494303 -2.080354260657028 
46 38.395551594990451 -10.288057042825226 
47 35.417509336487612 -18.046122364647005 
48 30.891551967914587 -25.015485544231051 
49 25.015485544231034 -30.891551967914602 
50 18.046122364646969 -35.417509336487633 
51 10.288057042825173 -38.395551594990472 
52 2.080354260657014 -39.695524006494317 
53 -6.218269985349176 -39.260611538656725 
54 -14.245125994425695 -37.109821953263769 
55 -21.649401641847341 -33.337155075830594 
56 -28.107494552165271 -28.107494552165253 
57 -33.337155075830609 -21.649401641847319 
58 -37.109821953263776 -14.245125994425678 
59 -39.260611538656725 -6.218269985349172 
60 -39.695524006494303 2.080354260657023 
61 -38.395551594990465 10.288057042825208 
62 -35.417509336487619 18.046122364646990 
63 -30.891551967914587 25.015485544231041 
64 -25.015485544231034 30.891551967914602 
65 -18.046122364646980 35.417509336487633 
66 -8.230445634260150 30.716441275992377 
67 0.000000000000031 31.800000000000001 
68 8.230445634260182 30.716441275992366 
69 15.900000000000009 27.539607840345141 
70 22.485995641732213 22.485995641732213 
71 27.539607840345159 15.899999999999984 
72 30.716441275992374 8.230445634260152 
73 31.800000000000001 0.000000000000000 
74 30.716441275992366 -8.230445634260182 
75 27.539607840345138 -15.900000000000020 
76 22.485995641732202 -22.485995641732224 
77 15.899999999999999 -27.539607840345152 
78 8.230445634260153 -30.716441275992374 
79 -0.000000000000013 -31.800000000000001 
80 -8.230445634260162 -30.716441275992374 
81 -15.900000000000006 -27.539607840345145 
82 -22.485995641732217 -22.485995641732202 
83 -27.539607840345152 -15.899999999999993 
84 -30.716441275992374 -8.230445634260155 
85 -31.800000000000001 0.000000000000004 
86 -30.716441275992370 8.230445634260168 
87 -27.539607840345145 15.900000000000006 
88 -22.485995641732210 22.485995641732217 
89 -15.899999999999997 27.539607840345152 
90 -6.172834225695112 23.037330956994282 
91 2.078664464531647 23.759243549488129 
92 10.079445542515693 21.615440720824097 
93 16.864496731299177 16.864496731299145 
94 21.615440720824111 10.079445542515671 
95 23.759243549488133 2.078664464531644 
96 23.037330956994275 -6.172834225695135 
97 19.536776256292445 -13.679798006972462 
98 13.679798006972446 -19.536776256292455 
99 6.172834225695115 -23.037330956994282 
100 -2.078664464531655 -23.759243549488129 
101 -10.079445542515689 -21.615440720824097 
102 -16.864496731299162 -16.864496731299152 
103 -21.615440720824104 -10.079445542515678 
104 -23.759243549488133 -2.078664464531643 
105 -23.037330956994278 6.172834225695126 
106 -19.536776256292452 13.679798006972451 
107 -13.679798006972447 19.536776256292455 
108 -4.115222817130075 15.358220637996189 
109 4.115222817130091 15.358220637996183 
110 11.242997820866107 11.242997820866107 
111 15.358220637996187 4.115222817130076 
112 15.358220637996183 -4.115222817130091 
113 11.242997820866101 -11.242997820866112 
114 4.115222817130077 -15.358220637996187 
115 -4.115222817130081 -15.358220637996187 
116 -11.242997820866108 -11.242997820866101 
117 -15.358220637996187 -4.115222817130078 
118 -15.358220637996185 4.115222817130084 
119 -11.242997820866105 11.242997820866108 
120 -2.057611408565037 7.679110318998094 
121 5.621498910433053 5.621498910433053 
122 7.679110318998092 -2.057611408565045 
123 2.057611408565038 -7.679110318998093 
124 -5.621498910433054 -5.621498910433051 
125 -7.679110318998092 2.057611408565042 
126 0.000000000000000 0.000000000000000 
127 -30.689924073888996 32.282016051339312 
128 -23.298887813798700 35.343483510260029 
129 -15.907851553708406 38.404950969180746 
130 -8.516815293618112 41.466418428101463 
131 -1.125779033527818 44.527885887022180 
132 -39.125169871739701 21.288989701428100 
133 -31.734133611649405 24.350457160348821 
134 -24.343097351559109 27.411924619269541 
135 -16.952061091468817 30.473392078190258 
136 -9.561024831378525 33.534859537110975 
137 -2.169988571288231 36.596326996031692 
138 5.221047688802065 39.657794454952409 
139 12.612083948892357 42.719261913873133 
140 -40.169379409500110 13.357430810437622 
141 -32.778343149409821 16.418898269358341 
142 -25.387306889319525 19.480365728279057 
143 -17.996270629229230 22.541833187199778 
144 -10.605234369138937 25.603300646120495 
145 -3.214198109048644 28.664768105041212 
146 4.176838151041650 31.726235563961932 
147 11.567874411131942 34.787703022882653 
148 18.958910671222238 37.849170481803370 
149 -41.213588947260526 5.425871919447141 
150 -33.822552687170230 8.487339378367858 
151 -26.431516427079938 11.548806837288577 
152 -19.040480166989642 14.610274296209296 
153 -11.649443906899350 17.671741755130014 
154 -4.258407646809056 20.733209214050731 
155 3.132628613281237 23.794676672971448 
156 10.523664873371533 26.856144131892169 
157 17.914701133461826 29.917611590812889 
158 25.305737393552118 32.979079049733606 
159 -42.257798485020942 -2.505686971543344 
160 -34.866762224930646 0.555780487377374 
161 -27.475725964840350 3.617247946298093 
162 -20.084689704750055 6.678715405218811 
163 -12.693653444659763 9.740182864139529 
164 -5.302617184569469 12.801650323060247 
165 2.088419075520825 15.863117781980966 
166 9.479455335611119 18.924585240901685 
167 16.870491595701409 21.986052699822402 
168 24.261527855791705 25.047520158743119 
169 31.652564115882001 28.108987617663839 
170 -43.302008022781351 -10.437245862533826 
171 -35.910971762691055 -7.375778403613108 
172 -28.519935502600763 -4.314310944692391 
173 -21.128899242510471 -1.252843485771672 
174 -13.737862982420175 1.808623973149047 
175 -6.346826722329881 4.870091432069764 
176 1.044209537760413 7.931558890990483 
177 8.435245797850705 10.993026349911201 
178 15.826282057941000 14.054493808831920 
179 23.217318318031293 17.115961267752638 
180 30.608354578121585 20.177428726673355 
181 37.999390838211880 23.238896185594072 
182 -36.955181300451471 -15.307337294603592 
183 -29.564145040361176 -12.245869835682873 
184 -22.173108780270880 -9.184402376762154 
185 -14.782072520180588 -6.122934917841437 
186 -7.391036260090294 -3.061467458920718 
187 0.000000000000000 0.000000000000000 
188 7.391036260090294 3.061467458920718 
189 14.782072520180588 6.122934917841437 
190 22.173108780270880 9.184402376762154 
191 29.564145040361176 12.245869835682873 
192 36.955181300451471 15.307337294603592 
193 -37.999390838211880 -23.238896185594072 
194 -30.608354578121585 -20.177428726673355 
195 -23.217318318031293 -17.115961267752638 
196 -15.826282057941000 -14.054493808831920 
197 -8.435245797850705 -10.993026349911201 
198 -1.044209537760413 -7.931558890990483 
199 6.346826722329881 -4.870091432069764 
200 13.737862982420175 -1.808623973149047 
201 21.128899242510471 1.252843485771672 
202 28.519935502600763 4.314310944692391 
203 35.910971762691055 7.375778403613108 
204 43.302008022781351 10.437245862533826 
205 -31.652564115882001 -28.108987617663839 
206 -24.261527855791705 -25.047520158743119 
207 -16.870491595701409 -21.986052699822402 
208 -9.479455335611119 -18.924585240901685 
209 -2.088419075520825 -15.863117781980966 
210 5.302617184569469 -12.801650323060247 
211 12.693653444659763 -9.740182864139529 
212 20.084689704750055 -6.678715405218811 
213 27.475725964840350 -3.617247946298093 
214 34.866762224930646 -0.555780487377374 
215 42.257798485020942 2.505686971543344 
216 -25.305737393552118 -32.979079049733606 
217 -17.914701133461826 -29.917611590812889 
218 -10.523664873371533 -26.856144131892169 
219 -3.132628613281237 -23.794676672971448 
220 4.258407646809056 -20.733209214050731 
221 11.649443906899350 -17.671741755130014 
222 19.040480166989642 -14.610274296209296 
223 26.431516427079938 -11.548806837288577 
224 33.822552687170230 -8.487339378367858 
225 41.213588947260526 -5.425871919447141 
226 -18.958910671222238 -37.849170481803370 
227 -11.567874411131942 -34.787703022882653 
228 -4.176838151041650 -31.726235563961932 
229 3.214198109048644 -28.664768105041212 
230 10.605234369138937 -25.603300646120495 
231 17.996270629229230 -22.541833187199778 
232 25.387306889319525 -19.480365728279057 
233 32.778343149409821 -16.418898269358341 
234 40.169379409500110 -13.357430810437622 
235 -12.612083948892357 -42.719261913873133 
236 -5.221047688802065 -39.657794454952409 
237 2.169988571288231 -36.596326996031692 
238 9.561024831378525 -33.534859537110975 
239 16.952061091468817 -30.473392078190258 
240 24.343097351559109 -27.411924619269541 
241 31.734133611649405 -24.350457160348821 
242 39.125169871739701 -21.288989701428100 
243 1.125779033527818 -44.527885887022180 
244 8.516815293618112 -41.466418428101463 
245 15.907851553708406 -38.404950969180746 
246 23.298887813798700 -35.343483510260029 
247 30.689924073888996 -32.282016051339312 
248 0.000000000000000 0.000000000000000 
